image_00000 304 246 326 270
image_00001 305 246 327 270
image_00002 305 243 328 269
image_00003 304 243 328 271
image_00004 303 238 327 270
image_00005 304 241 329 271
image_00006 304 237 332 273
image_00007 306 237 330 272
image_00008 302 237 331 273
image_00009 302 235 331 274
image_00010 299 230 329 274
image_00011 299 235 331 275
image_00012 296 235 330 275
image_00013 296 235 333 276
image_00014 297 222 332 276
image_00015 300 222 334 276
image_00016 297 221 338 276
image_00017 297 224 338 277
image_00018 293 222 345 276
image_00019 296 226 345 277
image_00020 294 222 350 277
image_00021 293 223 350 278
image_00022 294 223 351 278
image_00023 293 221 351 277
image_00024 293 224 351 277
image_00025 293 225 350 277
image_00026 293 224 351 278
image_00027 310 223 350 277
image_00028 308 223 349 278
image_00029 311 224 350 275
image_00030 309 225 351 277
image_00031 312 224 354 279
image_00032 314 224 352 277
image_00033 314 223 352 278
image_00034 317 225 353 279
image_00035 322 221 352 278
image_00036 321 215 355 275
image_00037 320 212 359 280
image_00038 320 216 358 280
image_00039 318 215 359 282
image_00040 320 218 359 281
image_00041 320 213 361 281
image_00042 317 216 359 283
image_00043 321 212 360 278
image_00044 318 216 361 280
image_00045 315 217 361 280
image_00046 317 217 360 280
image_00047 322 215 364 251
image_00048 329 216 364 251
image_00049 330 218 363 250
image_00050 334 214 362 245
image_00051 337 216 361 244
image_00052 339 217 363 244
image_00053 338 219 364 245
image_00054 337 218 361 244
image_00055 341 219 359 242
image_00056 341 220 359 241
image_00057 341 219 359 239
image_00058 343 219 357 238
image_00059 343 219 358 240
image_00060 343 220 357 238
image_00061 341 219 354 236
image_00062 340 218 354 237
image_00063 341 218 354 236
